RADIUS: 30.0
ANGLE: 1.23028
A	G	332.918436177615	
H	N	332.918431186144	
LOOP:	62402	11.39080810546875