RADIUS: 30.0
ANGLE: 1.2300000000000002
A	G	470.220764497295	
H	N	470.220757452511	
LOOP:	62401	11.452003002166748