RADIUS: 30.0
ANGLE: 1.23007
A	G	435.889672669981	
H	N	435.889666139262	
LOOP:	62405	11.306003093719482