RADIUS: 30.0
ANGLE: 1.23049
A	G	229.980258632327	
H	N	229.980255182366	
LOOP:	62408	11.406209945678711