RADIUS: 30.0
ANGLE: 1.23042
A	G	264.289307987745	
H	N	264.289304023500	
LOOP:	62403	11.211045265197754