RADIUS: 30.0
ANGLE: 1.195
A	G	18087.7642784050	
H	N	18087.7640249094	
LOOP:	27975	7.15705132484436