RADIUS: 30.0
ANGLE: 1.192
A	G	19638.9936873772	
H	N	19638.9934137294	
LOOP:	27972	7.003994941711426