RADIUS: 30.0
ANGLE: 1.193
A	G	19121.2097578827	
H	N	19121.2094909352	
LOOP:	27974	7.123903036117554