RADIUS: 30.0
ANGLE: 1.19
A	G	20676.6778358619	
H	N	20676.6775488660	
LOOP:	27971	7.140728235244751