RADIUS: 30.0
ANGLE: 1.191
A	G	20157.4834546998	
H	N	20157.4831743692	
LOOP:	27970	7.184926986694336