RADIUS: 30.0
ANGLE: 1.194
A	G	18604.1328829387	
H	N	18604.1326227084	
LOOP:	27973	7.101553916931152