RADIUS: 30.0
ANGLE: 1.23014
A	G	401.562257111887	
H	N	401.562251094124	
LOOP:	62407	11.423051118850708