RADIUS: 30.0
ANGLE: 1.23021
A	G	367.238508394682	
H	N	367.238502890324	
LOOP:	62404	11.415044069290161