RADIUS: 30.0
ANGLE: 1.23035
A	G	298.602036963855	
H	N	298.602032486733	
LOOP:	62406	11.29760193824768